Collocate	Rank	Freq(Scaled)	FreqLR	FreqL	FreqR	Range	Likelihood	Effect
der	1	192947	999	999	0	84	1676.540	2.301
ein	2	67513	977	977	0	81	3426.224	3.784
junge	3	3453	462	462	0	53	3650.860	6.993
den	4	93109	419	419	0	74	590.270	2.099
einen	5	26126	382	382	0	74	1322.507	3.799
junger	6	907	306	306	0	62	3050.040	8.327
jungen	7	3493	278	278	0	52	1888.548	6.243
ihr	8	31781	206	206	0	46	408.959	2.625
ihren	9	9232	191	191	0	41	783.339	4.300
dieser	10	11975	164	164	0	53	544.007	3.704
mein	11	13206	150	150	0	38	445.536	3.434
alte	12	3498	137	137	0	34	732.057	5.220
dem	13	57412	101	101	0	39	22.992	0.744
als	14	46415	96	96	0	41	35.894	0.977
alter	15	1241	85	85	0	37	549.371	6.027
ihrem	16	6604	80	80	0	26	246.518	3.527
einem	17	20626	76	76	0	37	82.565	1.810
alten	18	3555	75	75	0	34	309.475	4.328
kein	19	5864	63	63	0	35	180.199	3.354
diesen	20	5784	61	61	0	33	172.416	3.327
meinen	21	5102	51	51	0	22	139.165	3.250
großer	22	1370	37	37	0	18	170.219	4.684
jeder	23	3005	36	36	0	19	110.041	3.511
von	24	66878	31	31	0	12	27.999	-1.180
keinen	25	3137	30	30	0	22	79.418	3.186
schöner	26	530	29	29	0	21	174.028	5.703
gute	27	1882	27	27	0	14	91.526	3.771
dein	27	1947	27	27	0	18	89.816	3.722
reicher	29	195	26	26	0	21	203.927	6.988
heinrich	29	508	26	26	0	1	152.516	5.606
thomas	29	153	26	26	0	1	217.513	7.338
großen	32	4519	24	24	0	12	39.401	2.338
ehrlicher	33	93	23	23	0	16	211.654	7.879
meinem	34	3938	21	21	0	13	34.609	2.344
guter	34	870	21	21	0	17	91.989	4.522
arme	34	2444	21	21	0	12	51.579	3.032
kleine	34	3188	21	21	0	11	41.936	2.648
mit	38	73621	20	20	0	6	61.025	-1.951
kluger	38	75	20	20	0	11	187.511	7.988
und	40	243043	19	19	0	8	380.899	-3.748
jeden	40	1871	19	19	0	13	52.328	3.273
zwischen	42	4013	18	18	0	12	24.755	2.094
armer	43	292	17	17	0	10	104.125	5.792
kleiner	44	651	16	16	0	12	70.638	4.548
jener	44	1982	16	16	0	11	37.537	2.942
anderer	44	925	16	16	0	12	59.854	4.041
große	44	3427	16	16	0	9	22.993	2.152
armen	48	1652	15	15	0	12	38.300	3.111
reichen	48	548	15	15	0	12	69.364	4.703
deinen	48	1015	15	15	0	9	51.662	3.814
an	51	44294	14	14	0	7	31.587	-1.733
weiser	51	97	14	14	0	7	112.159	7.102
einzigen	53	843	13	13	0	10	45.810	3.876
letzten	53	2273	13	13	0	9	22.896	2.445
stattlicher	53	40	13	13	0	8	127.948	8.273
gelehrter	56	84	12	12	0	9	95.870	7.087
unser	56	1855	12	12	0	6	23.588	2.622
einzige	56	1431	12	12	0	10	28.949	2.997
wackere	56	91	12	12	0	5	93.818	6.972
vier	60	1993	11	11	0	9	18.733	2.393
solchen	60	1858	11	11	0	8	19.997	2.494
fremder	60	243	11	11	0	8	61.798	5.429
jenen	60	721	11	11	0	9	38.538	3.860
etwa	60	1781	11	11	0	2	20.769	2.556
tapferer	65	69	10	10	0	5	80.198	7.108
ger	65	288	10	10	0	2	50.907	5.047
starker	67	152	9	9	0	7	55.425	5.817
hübscher	67	138	9	9	0	8	57.191	5.956
freier	67	172	9	9	0	6	53.177	5.638
kräftiger	67	84	9	9	0	5	66.414	6.672
ehrlichen	71	157	8	8	0	6	46.841	5.600
fünfzig	71	384	8	8	0	3	32.760	4.310
sechs	71	1093	8	8	0	8	17.404	2.800
solcher	71	893	8	8	0	8	20.230	3.092
heilige	71	396	8	8	0	5	32.288	4.265
tausend	71	1066	8	8	0	6	17.749	2.837
dicker	71	115	8	8	0	7	51.889	6.049
geliebten	71	822	8	8	0	7	21.413	3.212
hagerer	71	15	8	8	0	8	89.029	8.988
derselbe	71	363	8	8	0	6	33.626	4.391
berühmter	71	76	8	8	0	6	58.737	6.647
braven	71	141	8	8	0	5	48.575	5.755
schwarze	71	651	8	8	0	1	24.806	3.548
fremden	71	896	8	8	0	7	20.183	3.087
gebildeter	71	45	8	8	0	7	67.699	7.403
verheirateter	71	13	8	8	0	6	92.429	9.194
heiliger	87	113	7	7	0	5	43.748	5.882
reiche	87	338	7	7	0	4	28.585	4.301
braver	87	57	7	7	0	7	53.666	6.869
anständigen	87	102	7	7	0	5	45.208	6.030
bedeutender	87	38	7	7	0	4	59.782	7.454
unglücklichen	87	433	7	7	0	4	25.284	3.944
noch	87	28261	7	7	0	3	25.232	-2.085
vornehmer	87	99	7	7	0	6	45.635	6.073
älterer	87	58	7	7	0	5	53.408	6.844
verständiger	96	45	6	6	0	5	47.046	6.988
wir	96	21296	6	6	0	5	16.998	-1.899
anständiger	96	82	6	6	0	4	39.535	6.122
gekleideter	96	27	6	6	0	5	53.745	7.725
nicht	96	82498	6	6	0	6	130.151	-3.853
wackerer	96	40	6	6	0	5	48.560	7.158
merkwürdiger	96	73	6	6	0	6	40.969	6.290
älteren	96	214	6	6	0	6	28.021	4.738
daß	96	50854	6	6	0	4	68.926	-3.155
zu	96	119245	6	6	0	4	203.904	-4.384
wohlhabender	96	15	6	6	0	5	62.134	8.573
aus	96	28233	6	6	0	3	28.232	-2.306
klugen	96	152	6	6	0	4	32.066	5.232
toten	96	512	6	6	0	5	18.080	3.480
verlorener	96	16	6	6	0	4	61.156	8.480
ältere	96	198	6	6	0	4	28.934	4.850
enne	96	11	6	6	0	1	67.157	9.020
gemeinen	113	175	5	5	0	4	23.535	4.765
ehrenhafter	113	20	5	5	0	4	46.125	7.895
zweitausend	113	105	5	5	0	3	28.594	5.502
zehntausend	113	166	5	5	0	3	24.052	4.841
sie	113	156573	5	5	0	5	287.255	-5.040
herrlicher	113	66	5	5	0	2	33.302	6.172
einzelner	113	54	5	5	0	3	35.372	6.462
stolzen	113	193	5	5	0	4	22.580	4.624
brave	113	94	5	5	0	4	29.706	5.662
wackern	113	64	5	5	0	4	33.618	6.216
mächtiger	113	132	5	5	0	5	26.312	5.172
wirklicher	113	80	5	5	0	4	31.338	5.895
gemachter	113	13	5	5	0	5	51.280	8.516
bleicher	113	49	5	5	0	4	36.384	6.602
auf	113	60442	5	5	0	1	92.046	-3.667
nur	113	24958	5	5	0	2	25.942	-2.391
rechter	113	93	5	5	0	2	29.814	5.677
angesehener	113	16	5	5	0	5	48.735	8.216
toter	113	71	5	5	0	5	32.554	6.067
richtiger	113	127	5	5	0	5	26.695	5.228
reichste	113	31	5	5	0	3	41.250	7.262
erika	113	221	5	5	0	1	21.267	4.429
frommer	135	45	4	4	0	4	27.959	6.403
wie	135	46768	4	4	0	3	70.487	-3.619
geistvoller	135	8	4	4	0	3	43.787	8.895
wackeren	135	34	4	4	0	4	30.302	6.807
gesetzter	135	19	4	4	0	4	35.344	7.647
geschickter	135	52	4	4	0	4	26.766	6.194
würdigen	135	138	4	4	0	4	18.940	4.786
ehrliche	135	92	4	4	0	4	22.146	5.371
bejahrter	135	12	4	4	0	2	39.610	8.310
gerechter	135	27	4	4	0	3	32.265	7.140
vermögender	135	5	4	4	0	3	49.867	9.573
böser	135	100	4	4	0	4	21.482	5.251
du	135	26617	4	4	0	4	32.460	-2.805
stattliche	135	67	4	4	0	4	24.698	5.828
circa	135	10	4	4	0	1	41.421	8.573
schlanker	135	43	4	4	0	4	28.336	6.468
treuer	135	99	4	4	0	1	21.562	5.265
für	135	25152	4	4	0	4	29.825	-2.724
zweihundert	135	144	4	4	0	2	18.607	4.725
wichtigste	135	101	4	4	0	3	21.403	5.236
feiner	135	150	4	4	0	3	18.289	4.666
intelligenter	135	10	4	4	0	3	41.421	8.573
praktischer	135	24	4	4	0	3	33.284	7.310
kauf	135	63	4	4	0	2	25.198	5.917
vor	159	20994	3	3	0	3	26.203	-2.878
er	159	116714	3	3	0	3	218.801	-5.353
umgänglicher	159	8	3	3	0	2	30.577	8.480
verkleideter	159	9	3	3	0	3	29.707	8.310
rechtschaffener	159	24	3	3	0	3	23.111	6.895
viertausend	159	43	3	3	0	2	19.474	6.053
ausgezeichneter	159	28	3	3	0	3	22.136	6.672
vernünftiger	159	53	3	3	0	3	18.200	5.752
erfahrener	159	28	3	3	0	3	22.136	6.672
ältlicher	159	6	3	3	0	3	32.840	8.895
göttlicher	159	31	3	3	0	3	21.498	6.525
rechtlicher	159	8	3	3	0	2	30.577	8.480
fünfundzwanzigtausend	159	19	3	3	0	2	24.611	7.232
mächtigste	159	16	3	3	0	2	25.736	7.480
verliebter	159	39	3	3	0	2	20.074	6.194
magerer	159	36	3	3	0	3	20.569	6.310
aussehender	159	22	3	3	0	3	23.666	7.020
wunderlicher	159	35	3	3	0	3	20.743	6.350
um	159	27743	3	3	0	2	38.757	-3.280
die	159	214928	3	3	0	2	425.864	-6.234
geachteter	159	7	3	3	0	2	31.599	8.672
denkenden	159	23	3	3	0	3	23.382	6.956
besserer	159	56	3	3	0	2	17.866	5.672
ordentlicher	159	22	3	3	0	3	23.666	7.020
hochgewachsener	159	15	3	3	0	3	26.165	7.573
eine	159	43567	3	3	0	3	69.451	-3.931
gewöhnlicher	159	55	3	3	0	2	17.975	5.698
beneidenswerter	159	4	3	3	0	2	36.655	9.480
aufgegebener	159	4	3	3	0	1	36.655	9.480
weißhaariger	159	5	3	3	0	3	34.426	9.158
erwachsener	159	16	3	3	0	3	25.736	7.480
alternde	159	22	3	3	0	3	23.666	7.020
klaus	159	41	3	3	0	1	19.767	6.122
sich	192	82849	2	2	0	2	155.934	-5.444
voriger	192	7	2	2	0	1	19.069	8.087
tugendhafter	192	9	2	2	0	2	17.914	7.725
herzensguter	192	4	2	2	0	2	21.893	8.895
begünstigter	192	9	2	2	0	2	17.914	7.725
tapferste	192	6	2	2	0	2	19.804	8.310
mehr	192	13960	2	2	0	2	17.394	-2.874
verdienstvollen	192	4	2	2	0	2	21.893	8.895
scharfsichtiger	192	6	2	2	0	2	19.804	8.310
ehrenwerter	192	11	2	2	0	2	17.022	7.435
nach	192	25374	2	2	0	2	39.052	-3.736
das	192	91858	2	2	0	2	174.663	-5.593
gealterte	192	5	2	2	0	2	20.710	8.573
achtzehntausend	192	8	2	2	0	2	18.449	7.895
mir	192	34415	2	2	0	2	56.906	-4.176
doch	192	18441	2	2	0	2	25.717	-3.276
vielerfahrener	192	4	2	2	0	2	21.893	8.895
hatte	192	35127	2	2	0	2	58.327	-4.206
hat	192	18396	2	2	0	2	25.632	-3.273
wieder	192	14987	2	2	0	2	19.272	-2.977
einsichtiger	192	4	2	2	0	2	21.893	8.895
zweiundvierzig	192	5	2	2	0	1	20.710	8.573
gottesfürchtiger	192	5	2	2	0	2	20.710	8.573
untersetzter	192	8	2	2	0	2	18.449	7.895
besonnener	192	5	2	2	0	2	20.710	8.573
wohlerzogener	192	7	2	2	0	2	19.069	8.087
hochanständiger	192	3	2	2	0	2	23.617	9.310
achtzigtausend	192	11	2	2	0	2	17.022	7.435
mittelgroßer	192	3	2	2	0	2	23.617	9.310
hochgewachsenen	192	11	2	2	0	2	17.022	7.435
heißblütiger	192	5	2	2	0	1	20.710	8.573
gottgesandte	192	3	2	2	0	1	23.617	9.310
carla	192	9	2	2	0	1	17.914	7.725
literary	192	4	2	2	0	1	21.893	8.895
man	226	24885	1	1	0	1	43.861	-4.708
im	226	27545	1	1	0	1	49.268	-4.855
jetzt	226	11432	1	1	0	1	17.074	-3.586
denn	226	15023	1	1	0	1	24.089	-3.980
aber	226	42540	1	1	0	1	80.056	-5.482
oder	226	15234	1	1	0	1	24.505	-4.000
es	226	72406	1	1	0	1	142.222	-6.249
ihnen	226	12782	1	1	0	1	19.693	-3.747
ist	226	47932	1	1	0	1	91.215	-5.654
haben	226	16161	1	1	0	1	26.339	-4.086
sehr	226	11609	1	1	0	1	17.416	-3.608
ihre	226	17958	1	1	0	1	29.914	-4.238
war	226	60927	1	1	0	1	118.237	-6.000
auch	226	26978	1	1	0	1	48.113	-4.825
wenn	226	26405	1	1	0	1	46.948	-4.794
diese	226	13774	1	1	0	1	21.632	-3.855
frau	226	11840	1	1	0	1	17.863	-3.637
