Collocate	Rank	Freq(Scaled)	FreqLR	FreqL	FreqR	Range	Likelihood	Effect
der	1	192947	511	511	0	53	2238.368	4.184
den	2	93109	115	115	0	33	297.924	3.083
dem	3	57412	72	72	0	25	186.295	3.105
deutsche	4	368	13	13	0	3	117.471	7.922
als	5	46415	49	49	0	17	111.180	2.857
einen	6	26126	34	34	0	21	89.323	3.159
berühmte	7	231	9	9	0	1	83.085	8.063
ein	8	67513	47	47	0	27	73.903	2.256
deutschen	9	606	9	9	0	1	65.612	6.671
zum	10	13526	21	21	0	16	61.653	3.414
alte	11	3498	13	13	0	5	59.409	4.673
und	12	243043	2	2	0	2	56.302	-4.146
praktischer	13	24	4	4	0	4	49.064	10.160
grazer	14	4	3	3	0	1	48.513	12.330
junge	15	3453	11	11	0	5	46.998	4.450
kein	16	5864	11	11	0	7	36.029	3.686
tabib	17	2	2	2	0	1	35.339	12.745
berühmten	18	402	5	5	0	3	34.668	6.416
herbeigerufene	19	3	2	2	0	2	31.520	12.160
tüchtiger	20	45	3	3	0	3	30.980	8.838
simon	21	59	3	3	0	1	29.309	8.447
kluger	22	75	3	3	0	3	27.840	8.101
zu	23	119245	1	1	0	1	27.272	-4.119
gewissenhaften	24	7	2	2	0	2	26.965	10.937
gesuchter	25	9	2	2	0	1	25.806	10.575
deutscher	26	138	3	3	0	2	24.144	7.221
er	27	116714	2	2	0	2	21.645	-3.088
geschickten	28	61	2	2	0	2	17.752	7.814
praktizierender	29	1	1	1	0	1	17.669	12.745
erfahrenern	29	1	1	1	0	1	17.669	12.745
behandelnde	29	1	1	1	0	1	17.669	12.745
freigeistige	29	1	1	1	0	1	17.669	12.745
dows	29	1	1	1	0	1	17.669	12.745
herbeigerufener	29	1	1	1	0	1	17.669	12.745
behandelnder	29	1	1	1	0	1	17.669	12.745
ununterrichteten	29	1	1	1	0	1	17.669	12.745
tischer	29	1	1	1	0	1	17.669	12.745
ausmusternde	29	1	1	1	0	1	17.669	12.745
großer	39	1370	4	4	0	3	16.403	4.325
einem	40	20626	12	12	0	9	15.312	1.997
hereinkommenden	41	2	1	1	0	1	14.896	11.745
behandelnden	41	2	1	1	0	1	14.896	11.745
jungen	43	3493	5	5	0	5	13.889	3.296
verirrter	44	3	1	1	0	1	13.850	11.160
redselige	44	3	1	1	0	1	13.850	11.160
aufopfernden	44	3	1	1	0	1	13.850	11.160
konsultierte	44	3	1	1	0	1	13.850	11.160
friedliebende	44	3	1	1	0	1	13.850	11.160
alten	49	3555	5	5	0	3	13.731	3.271
